   0.0000000000000000      ,  0.98999999999999999      ,   1.0000000000000000E-002 ,   0.0000000000000000      ,   0.0000000000000000     
   15.662675280700819      ,  0.97999999999999998      ,   2.0000000000000000E-002 ,   0.0000000000000000      ,   0.0000000000000000     
   23.283967433967184      ,  0.96999999999999997      ,   2.9999999999999999E-002 ,   0.0000000000000000      ,   0.0000000000000000     
   26.878575366387860      ,  0.95999999999999996      ,   4.0000000000000001E-002 ,   0.0000000000000000      ,   0.0000000000000000     
   28.657254568255130      ,  0.94999999999999996      ,   5.0000000000000003E-002 ,   0.0000000000000000      ,   0.0000000000000000     
   30.692815082949842      ,  0.93999999999999995      ,   6.0000000000000005E-002 ,   0.0000000000000000      ,   0.0000000000000000     
   33.962779018501493      ,  0.90999999999999992      ,   8.0000000000000002E-002 ,   0.0000000000000000      ,   1.0000000000000000E-002
   35.292511029411159      ,  0.89999999999999991      ,   8.0000000000000002E-002 ,   0.0000000000000000      ,   2.0000000000000000E-002
   37.019575919225275      ,  0.87999999999999989      ,   9.9999999999999992E-002 ,   0.0000000000000000      ,   2.0000000000000000E-002
   38.789665984176601      ,  0.84999999999999987      ,  0.12999999999999998      ,   0.0000000000000000      ,   2.0000000000000000E-002
   39.826936488584209      ,  0.82999999999999985      ,  0.14999999999999999      ,   0.0000000000000000      ,   2.0000000000000000E-002
   42.466053240327241      ,  0.81999999999999984      ,  0.16000000000000000      ,   0.0000000000000000      ,   2.0000000000000000E-002
   43.569280174135599      ,  0.76999999999999980      ,  0.20000000000000004      ,   0.0000000000000000      ,   2.9999999999999999E-002
   45.443143600615038      ,  0.72999999999999976      ,  0.23000000000000007      ,   0.0000000000000000      ,   4.0000000000000001E-002
   46.696009082076451      ,  0.67999999999999972      ,  0.28000000000000008      ,   0.0000000000000000      ,   4.0000000000000001E-002
   47.848073110895783      ,  0.66999999999999971      ,  0.29000000000000009      ,   0.0000000000000000      ,   4.0000000000000001E-002
   49.236326201457416      ,  0.65999999999999970      ,  0.29000000000000009      ,   0.0000000000000000      ,   5.0000000000000003E-002
   50.566074700232122      ,  0.59999999999999964      ,  0.33000000000000013      ,   0.0000000000000000      ,   7.0000000000000007E-002
   52.002775913346511      ,  0.54999999999999960      ,  0.37000000000000016      ,   0.0000000000000000      ,   8.0000000000000002E-002
   53.060509908131380      ,  0.52999999999999958      ,  0.38000000000000017      ,   1.0000000000000000E-002 ,   8.0000000000000002E-002
   55.170588399337490      ,  0.48999999999999955      ,  0.39000000000000018      ,   2.9999999999999999E-002 ,   8.9999999999999997E-002
   56.394939753299290      ,  0.42999999999999949      ,  0.42000000000000021      ,   2.9999999999999999E-002 ,  0.11999999999999998     
   57.704876384840652      ,  0.40999999999999948      ,  0.43000000000000022      ,   2.9999999999999999E-002 ,  0.12999999999999998     
   59.331867758121042      ,  0.36999999999999944      ,  0.45000000000000023      ,   4.0000000000000001E-002 ,  0.13999999999999999     
   60.435968704286644      ,  0.34999999999999942      ,  0.44000000000000022      ,   5.0000000000000003E-002 ,  0.16000000000000000     
   61.895970669651810      ,  0.33999999999999941      ,  0.43000000000000022      ,   6.0000000000000005E-002 ,  0.17000000000000001     
   63.243999848891853      ,  0.32999999999999940      ,  0.42000000000000021      ,   8.0000000000000002E-002 ,  0.17000000000000001     
   64.687209581531931      ,  0.31999999999999940      ,  0.42000000000000021      ,   7.0000000000000007E-002 ,  0.19000000000000003     
   65.709989920398684      ,  0.27999999999999936      ,  0.43000000000000022      ,   8.0000000000000002E-002 ,  0.21000000000000005     
   66.871415453069631      ,  0.23999999999999932      ,  0.45000000000000023      ,   7.0000000000000007E-002 ,  0.24000000000000007     
   68.981615492812438      ,  0.21999999999999931      ,  0.45000000000000023      ,   7.0000000000000007E-002 ,  0.26000000000000006     
   70.136105197307714      ,  0.19999999999999929      ,  0.47000000000000025      ,   7.0000000000000007E-002 ,  0.26000000000000006     
   71.162172790947238      ,  0.17999999999999927      ,  0.47000000000000025      ,   7.0000000000000007E-002 ,  0.28000000000000008     
   72.588319587010602      ,  0.16999999999999926      ,  0.44000000000000022      ,   8.0000000000000002E-002 ,  0.31000000000000011     
   73.800984407011967      ,  0.16999999999999926      ,  0.44000000000000022      ,   7.0000000000000007E-002 ,  0.32000000000000012     
   75.007087254372394      ,  0.15999999999999925      ,  0.43000000000000022      ,   8.0000000000000002E-002 ,  0.33000000000000013     
   76.844712472233724      ,  0.15999999999999925      ,  0.45000000000000023      ,   6.0000000000000005E-002 ,  0.33000000000000013     
   77.924123297518250      ,  0.15999999999999925      ,  0.43000000000000022      ,   6.0000000000000005E-002 ,  0.35000000000000014     
   79.718422678545238      ,  0.13999999999999924      ,  0.44000000000000022      ,   6.0000000000000005E-002 ,  0.36000000000000015     
   81.993629713441067      ,  0.13999999999999924      ,  0.42000000000000021      ,   6.0000000000000005E-002 ,  0.38000000000000017     
   83.469783223771884      ,  0.13999999999999924      ,  0.39000000000000018      ,   6.0000000000000005E-002 ,  0.41000000000000020     
   84.636179049923086      ,  0.12999999999999923      ,  0.38000000000000017      ,   6.0000000000000005E-002 ,  0.43000000000000022     
   86.155681319977859      ,  0.10999999999999924      ,  0.38000000000000017      ,   6.0000000000000005E-002 ,  0.45000000000000023     
   87.365451675599630      ,   9.9999999999999242E-002 ,  0.36000000000000015      ,   6.0000000000000005E-002 ,  0.48000000000000026     
   88.726472311433341      ,   8.9999999999999247E-002 ,  0.35000000000000014      ,   6.0000000000000005E-002 ,  0.50000000000000022     
   90.595787474174827      ,   7.9999999999999252E-002 ,  0.34000000000000014      ,   7.0000000000000007E-002 ,  0.51000000000000023     
   91.727077731468285      ,   7.9999999999999252E-002 ,  0.33000000000000013      ,   7.0000000000000007E-002 ,  0.52000000000000024     
   93.884309630854233      ,   6.9999999999999257E-002 ,  0.33000000000000013      ,   6.0000000000000005E-002 ,  0.54000000000000026     
   95.128023074141169      ,   6.9999999999999257E-002 ,  0.31000000000000011      ,   6.0000000000000005E-002 ,  0.56000000000000028     
   96.267806713163466      ,   5.9999999999999255E-002 ,  0.31000000000000011      ,   7.0000000000000007E-002 ,  0.56000000000000028     
   99.409835751677562      ,   5.9999999999999255E-002 ,  0.30000000000000010      ,   8.0000000000000002E-002 ,  0.56000000000000028     
   103.33524383666590      ,   5.9999999999999255E-002 ,  0.29000000000000009      ,   8.0000000000000002E-002 ,  0.57000000000000028     
   104.54113578668246      ,   5.9999999999999255E-002 ,  0.27000000000000007      ,   7.0000000000000007E-002 ,  0.60000000000000031     
   105.77788276844076      ,   5.9999999999999255E-002 ,  0.24000000000000005      ,   7.0000000000000007E-002 ,  0.63000000000000034     
   109.05170213277346      ,   5.9999999999999255E-002 ,  0.24000000000000005      ,   6.0000000000000005E-002 ,  0.64000000000000035     
   111.74320141978563      ,   5.9999999999999255E-002 ,  0.23000000000000004      ,   6.0000000000000005E-002 ,  0.65000000000000036     
   113.06006948734240      ,   4.9999999999999253E-002 ,  0.21000000000000002      ,   6.0000000000000005E-002 ,  0.68000000000000038     
   114.53366572184933      ,   4.9999999999999253E-002 ,  0.20000000000000001      ,   6.0000000000000005E-002 ,  0.69000000000000039     
   118.77011842030707      ,   4.9999999999999253E-002 ,  0.17999999999999999      ,   7.0000000000000007E-002 ,  0.70000000000000040     
   119.86094916980502      ,   4.9999999999999253E-002 ,  0.15999999999999998      ,   8.0000000000000002E-002 ,  0.71000000000000041     
   122.14873822425265      ,   4.9999999999999253E-002 ,  0.16999999999999998      ,   7.0000000000000007E-002 ,  0.71000000000000041     
   123.33298914951448      ,   4.9999999999999253E-002 ,  0.14999999999999997      ,   7.0000000000000007E-002 ,  0.73000000000000043     
   124.77310638745892      ,   3.9999999999999251E-002 ,  0.14999999999999997      ,   8.0000000000000002E-002 ,  0.73000000000000043     
   125.77676992096511      ,   3.9999999999999251E-002 ,  0.13999999999999996      ,   8.0000000000000002E-002 ,  0.74000000000000044     
   127.99621595793508      ,   3.9999999999999251E-002 ,  0.11999999999999995      ,   8.9999999999999997E-002 ,  0.75000000000000044     
   129.74221762489967      ,   3.9999999999999251E-002 ,   9.9999999999999964E-002 ,   8.9999999999999997E-002 ,  0.77000000000000046     
   135.74009992970815      ,   2.9999999999999249E-002 ,   8.9999999999999969E-002 ,   9.9999999999999992E-002 ,  0.78000000000000047     
   137.30929399762479      ,   2.9999999999999249E-002 ,   7.9999999999999974E-002 ,  0.10999999999999999      ,  0.78000000000000047     
   139.48151365228398      ,   1.9999999999999248E-002 ,   6.9999999999999979E-002 ,  0.10999999999999999      ,  0.80000000000000049     
   141.42434437313824      ,   1.9999999999999248E-002 ,   7.9999999999999974E-002 ,   9.9999999999999992E-002 ,  0.80000000000000049     
   145.18779843547580      ,   1.9999999999999248E-002 ,   4.9999999999999975E-002 ,   9.9999999999999992E-002 ,  0.83000000000000052     
   154.27892343956208      ,   1.9999999999999248E-002 ,   3.9999999999999973E-002 ,   9.9999999999999992E-002 ,  0.84000000000000052     
   155.76195046461388      ,   1.9999999999999248E-002 ,   2.9999999999999971E-002 ,  0.10999999999999999      ,  0.84000000000000052     
   165.36261474529198      ,   1.9999999999999248E-002 ,   1.9999999999999969E-002 ,  0.11999999999999998      ,  0.84000000000000052     
   174.84252849247255      ,   1.9999999999999248E-002 ,   9.9999999999999690E-003 ,  0.11999999999999998      ,  0.85000000000000053     
   186.74143735429487      ,   1.9999999999999248E-002 ,   1.9999999999999969E-002 ,  0.10999999999999999      ,  0.85000000000000053     
   188.02296220743736      ,   1.9999999999999248E-002 ,   9.9999999999999690E-003 ,  0.10999999999999999      ,  0.86000000000000054     
   264.96383353322557      ,   1.9999999999999248E-002 ,   9.9999999999999690E-003 ,   9.9999999999999992E-002 ,  0.87000000000000055     
   273.84223984707279      ,   1.9999999999999248E-002 ,   1.9999999999999969E-002 ,   8.9999999999999997E-002 ,  0.87000000000000055     
   278.28297508874095      ,   1.9999999999999248E-002 ,   9.9999999999999690E-003 ,   8.9999999999999997E-002 ,  0.88000000000000056     
   282.67535142549428      ,   1.9999999999999248E-002 ,   1.9999999999999969E-002 ,   8.0000000000000002E-002 ,  0.88000000000000056     
   289.58327682714747      ,   1.9999999999999248E-002 ,   9.9999999999999690E-003 ,   8.0000000000000002E-002 ,  0.89000000000000057     
   295.32735148903902      ,   1.9999999999999248E-002 ,   1.9999999999999969E-002 ,   7.0000000000000007E-002 ,  0.89000000000000057     
   300.61509829080217      ,   1.9999999999999248E-002 ,   9.9999999999999690E-003 ,   7.0000000000000007E-002 ,  0.90000000000000058     
   329.48651605449294      ,   1.9999999999999248E-002 ,   1.9999999999999969E-002 ,   6.0000000000000005E-002 ,  0.90000000000000058     
   359.90203956510857      ,   1.9999999999999248E-002 ,   9.9999999999999690E-003 ,   7.0000000000000007E-002 ,  0.90000000000000058     
   364.91849697055079      ,   1.9999999999999248E-002 ,   1.9999999999999969E-002 ,   6.0000000000000005E-002 ,  0.90000000000000058     
   373.17807691112608      ,   1.9999999999999248E-002 ,   9.9999999999999690E-003 ,   6.0000000000000005E-002 ,  0.91000000000000059     
   377.63050605512376      ,   1.9999999999999248E-002 ,   1.9999999999999969E-002 ,   5.0000000000000003E-002 ,  0.91000000000000059     
   396.84078539246372      ,   1.9999999999999248E-002 ,   9.9999999999999690E-003 ,   5.0000000000000003E-002 ,  0.92000000000000060     
   413.15554448898934      ,   1.9999999999999248E-002 ,   1.9999999999999969E-002 ,   4.0000000000000001E-002 ,  0.92000000000000060     
   416.97515539511591      ,   1.9999999999999248E-002 ,  -3.1225022567582528E-017 ,   4.0000000000000001E-002 ,  0.94000000000000061     
   495.16552920273011      ,   1.9999999999999248E-002 ,   9.9999999999999690E-003 ,   2.9999999999999999E-002 ,  0.94000000000000061     
   528.03063550774482      ,   1.9999999999999248E-002 ,  -3.1225022567582528E-017 ,   2.9999999999999999E-002 ,  0.95000000000000062     
   589.00612866519668      ,   1.9999999999999248E-002 ,   9.9999999999999690E-003 ,   1.9999999999999997E-002 ,  0.95000000000000062     
   603.62310627057354      ,   1.9999999999999248E-002 ,  -3.1225022567582528E-017 ,   1.9999999999999997E-002 ,  0.96000000000000063     
   636.35330248525077      ,   1.9999999999999248E-002 ,   9.9999999999999690E-003 ,   9.9999999999999967E-003 ,  0.96000000000000063     
   638.00876261570784      ,   1.9999999999999248E-002 ,  -3.1225022567582528E-017 ,   9.9999999999999967E-003 ,  0.97000000000000064     
   764.84349122611388      ,   1.9999999999999248E-002 ,   9.9999999999999690E-003 ,  -3.4694469519536142E-018 ,  0.97000000000000064     
   776.30850903265923      ,   1.9999999999999248E-002 ,  -3.1225022567582528E-017 ,   9.9999999999999967E-003 ,  0.97000000000000064     
   856.37024219585749      ,   1.9999999999999248E-002 ,   9.9999999999999690E-003 ,  -3.4694469519536142E-018 ,  0.97000000000000064     
   873.01334861224348      ,   1.9999999999999248E-002 ,  -3.1225022567582528E-017 ,  -3.4694469519536142E-018 ,  0.98000000000000065     
   27771205938918708.      , -0.82000000000000128      ,   9.9999999999999690E-003 ,  -3.4694469519536142E-018 ,   1.8100000000000014     
